%YAML:1.0

cam0:
  T_imu_cam: #rotation from camera to IMU R_CtoI, position of camera in IMU p_CinI
    - [1.0, 0.0, 0.0, -0.005]
    - [0.0, 1.0, 0.0, -0.005]
    - [0.0, 0.0, 1.0, 0.0117]
    - [0.0, 0.0, 0.0, 1.0]
  cam_overlaps: [1]
  camera_model: pinhole
  distortion_coeffs: [-0.28340811, 0.07395907, 0.00019359, 1.76187114e-05]
  distortion_model: radtan
  intrinsics: [424.56011962890625, 424.56011962890625, 425.8045654296875, 237.69564819335938] #fu, fv, cu, cv
  resolution: [848, 480]
  rostopic: /camera/infra1/image_rect_raw
cam1:
  T_imu_cam: #rotation from camera to IMU R_CtoI, position of camera in IMU p_CinI
    - [1.0, 0.0, 0.0, -0.055]
    - [0.0, 1.0, 0.0, -0.005]
    - [0.0, 0.0, 1.0, 0.0117]
    - [0.0, 0.0, 0.0, 1.0]
  cam_overlaps: [0]
  camera_model: pinhole
  distortion_coeffs: [-0.28368365,0.07451284,-0.00010473,-3.55590700e-05]
  distortion_model: radtan
  intrinsics: [424.56011962890625, 424.56011962890625, 425.8045654296875, 237.69564819335938] #fu, fv, cu, cv
  resolution: [848, 480]
  rostopic: /camera/infra2/image_rect_raw